250054
108232
392318
986278
242174
923887
430720
365216
771298
800854
955342
565229
361886
863420
967584
573229
854720
499051
571969
726697
546612
927088
619429
481997
467100
178819
611121
585403
323762
694604
256679
771623
808250
508972
372655
781117
420908
772025
948656
333377
108632
257315
623767
830316
237884
832838
412249
100132
966847
450596
626952
402256
476366
940155
684139
816059
525934
904708
435461
346313
262634
329618
468730
898617
604474
824940
306437
599351
634166
689671
518466
921408
124439
247474
476957
990352
425939
105034
385481
175321
439654
116883
546953
348615
377048
689485
612601
746509
775290
426581
305416
788088
405390
461790
538698
354484
703332
491533
898853
343197
