524833
170934
421783
422005
169287
982305
892663
287783
601292
458711
948101
917781
939168
382594
757331
895191
802786
582952
382344
426349
751728
883177
823898
831712
740553
112754
915159
529293
509757
552060
600178
282482
808388
116833
956806
593735
485209
242603
234647
731575
474221
494872
263797
232086
158256
978207
651394
259110
814226
239609
916749
758112
617595
728677
304281
973797
921998
277127
301583
103516
572936
927903
749255
642977
989386
118737
722224
495363
977290
582619
693146
678110
407199
630435
604888
895228
760438
971765
476611
191242
215113
231193
850961
380327
234513
132769
543575
839286
968897
887333
523145
358024
425180
915020
460911
794479
975034
450214
871822
332275
